index
802
1397
2449
2455
260
1809
1253
952
2199
1119
1868
2195
2092
357
2454
2448
83
928
1929
1862
118
2161
1071
1200
1667
1329
1632
1856
305
2501
1170
1956
1354
1102
1844
997
2276
20
662
2207
428
1327
1401
787
1528
1272
355
679
403
1279
867
104
1308
129
55
2389
1704
615
500
215
1606
1165
1819
1913
465
123
162
1551
2377
2183
1451
1077
1927
2357
2430
2036
2447
135
1549
2006
141
2136
1688
1714
1366
2204
903
1357
1639
460
1174
1009
1027
1336
857
1610
1274
984
1169
25
1509
1613
2214
1255
1805
1053
1493
1631
584
238
1351
1693
461
1361
684
1583
2078
1544
145
1393
11
1473
1724
1857
735
84
2178
2381
1921
635
204
1485
526
1411
1247
2162
764
2297
1376
235
1814
1515
729
675
1476
1123
234
788
1471
1752
2475
2376
548
2485
1122
957
1407
1866
35
1687
710
1923
1569
938
256
497
2313
809
144
546
51
1238
1291
2443
1051
1560
522
1219
2269
1265
1394
2125
907
1903
168
827
1738
2208
1820
1898
552
1441
1730
369
1616
1065
1968
2333
117
1334
196
2397
1499
232
106
401
401
2149
1933
1912
518
182
1324
749
2422
1884
1666
557
2241
1335
2091
1641
1269
1437
811
2498
2126
311
1075
607
607
1576
2060
502
1254
2358
2007
1999
877
1486
642
2299
1216
890
253
1727
705
1709
586
711
955
1953
2364
697
1588
2317
907
1740
343
733
579
27
1118
1837
1354
2111
911
54
13
732
324
285
2035
372
835
1553
457
1392
1203
194
925
1593
412
2435
1973
2007
923
1769
1227
1371
2490
646
159
23
568
1637
2261
360
723
1178
1519
758
2129
1457
94
977
267
1890
138
393
1865
443
1064
1925
2499
96
2048
1051
300
904
845
1612
929
2000
1057
2224
2466
88
2255
2465
1749
179
47
1295
39
1597
1240
2290
987
103
320
557
233
653
1163
847
1379
1892
861
1833
289
1453
2374
1680
1160
1258
961
1900
1428
1323
450
284
314
1042
1315
2467
1128
820
2012
1483
353
1356
908
2417
1186
728
1642
1936
1131
1389
893
1344
1001
1303
209
1109
2
1905
1398
1551
1962
438
2305
1074
2084
2296
602
2203
520
464
352
1954
1572
1450
1957
1003
255
1270
1978
1396
1751
220
2281
1251
2144
1362
2400
1851
202
709
1256
303
917
1704
356
2439
1400
1756
315
333
806
1674
1604
2474
152
1198
2246
1139
2156
1367
306
2504
125
744
50
1018
2424
944
2213
2390
463
2045
1563
1014
475
2391
1861
71
327
1028
717
489
2325
578
1847
1752
830
1811
1646
2349
337
2151
2493
863
1104
1872
2219
747
1719
622
2433
1557
2055
258
1801
1217
950
72
2167
1556
2054
640
446
1340
1223
1322
1006
9
1821
2243
829
2303
1130
507
2114
541
931
617
1455
115
1375
2116
2006
1381
148
1102
1097
186
587
2440
2104
706
330
1608
2383
329
420
242
1771
1506
1107
616
236
962
390
1079
1255
396
981
440
1636
1729
1832
1527
44
1251
415
261
173
119
2228
1600
361
1268
588
200
1057
1838
2412
332
1858
1044
2147
1384
147
1052
556
2451
2483
1082
974
1104
2472
693
654
1753
2057
154
667
430
702
2280
1532
1911
1585
904
1790
1634
1969
2420
1402
7
2378
1552
1458
1734
680
826
1582
705
2256
444
2452
685
2013
1427
2453
2406
2351
451
1689
2087
2266
216
2457
24
1402
1452
486
2132
1586
751
1318
1446
392
178
1784
753
1533
1505
340
456
2001
2356
906
131
604
299
2332
228
212
2165
1395
64
1825
671
1801
1337
1004
2236
903
1812
1985
1024
1620
2107
1210
576
985
2251
560
21
1770
1648
1307
1015
2109
1481
1502
715
2002
2205
355
1330
2172
2360
2032
1625
2171
1950
252
1032
2314
801
1306
862
823
2478
1670
127
453
1040
1410
1259
589
1706
116
998
12
2339
730
2318
1623
915
1484
2189
748
538
1806
1007
2384
683
181
429
433
439
1694
782
2487
224
839
226
304
478
1514
155
1967
1164
2368
2476
85
1080
1134
2157
832
286
1578
247
2385
610
2004
1332
1108
721
2232
1026
1897
722
205
1919
768
2460
2119
736
1990
707
1500
448
2359
512
1698
1818
1915
1826
676
325
2403
2159
277
2291
2113
840
1365
1757
1068
674
554
187
1941
2124
813
630
769
564
2257
250
875
1792
184
1261
801
2065
445
939
1202
476
1599
502
530
1501
368
1643
1918
1369
294
1592
1664
485
406
1638
2118
1280
449
1853
1541
2030
363
92
491
10
1301
1711
2264
1285
885
1970
1624
1478
1917
1254
1961
1905
2090
1372
1225
2080
1197
2056
1231
993
278
2401
251
110
1628
28
1095
2398
812
1350
1581
2101
2137
543
992
821
351
1920
625
1355
2491
1996
810
896
633
844
1810
1456
1111
1980
1972
1781
1374
741
283
2046
1098
1889
2429
342
562
1899
2407
1531
533
1874
1299
1854
2334
567
2446
2382
1451
176
1304
555
53
2120
1380
1571
1757
795
708
606
132
80
1650
2367
656
2415
374
2229
1555
67
1686
2458
757
1860
1172
943
1938
2156
1596
1250
2099
1885
1199
658
1764
973
1944
1091
1736
1633
1339
897
2450
1824
113
919
2351
1455
2085
1353
381
1511
1928
15
1302
2437
1997
1701
2166
149
2327
52
1188
740
49
982
1047
2023
854
2352
2326
2350
52
292
754
2388
2051
1502
2005
772
1902
1535
1627
62
402
2083
2157
2442
109
1002
1191
657
41
1797
878
87
1408
848
1907
1508
951
1964
1390
664
1725
177
102
701
643
706
1055
1296
927
751
1940
8
1836
58
1989
959
807
2312
647
388
1218
868
2194
670
1194
2441
1046
969
1267
2331
2414
1504
1841
2008
82
1167
2042
1723
2190
2175
965
1958
1663
949
69
2088
713
2127
2256
1803
631
1003
210
727
1731
480
648
1983
1939
76
1829
1849
2451
2142
65
1878
1800
1787
1850
1
1368
203
634
1256
2221
620
1756
2226
2053
304
2338
2421
1903
1257
704
2304
979
873
2486
2252
379
1152
2455
161
1278
1276
218
1712
1876
2321
1998
2102
2168
2235
1893
364
681
935
1399
2444
988
688
107
1203
454
639
70
1767
1697
169
1735
542
613
114
775
1587
1926
2497
940
663
2238
1230
1948
1222
519
1601
68
1755
1503
2027
1947
2300
1489
1854
214
532
957
1931
1171
316
618
2357
704
1658
1135
1157
60
241
1196
1482
1302
503
2496
1963
447
32
2445
815
2418
651
1561
1084
1685
264
2216
963
1776
948
2337
1607
1518
2034
2076
1424
2250
1412
255
1113
344
1683
960
654
2395
421
2456
1652
2079
551
351
153
2431
1048
947
2015
1765
248
2075
2220
54
2239
1352
1345
652
1753
293
770
745
937
509
2135
2292
2177
2121
859
2355
1759
1436
924
221
1155
376
1292
1460
2459
1072
689
338
353
101
594
1352
1085
2277
1545
1233
602
1675
905
217
1805
487
1791
2369
1063
2495
921
1425
382
2404
2268
2151
1525
1695
2203
525
686
1846
856
57
652
142
425
2464
2407
391
2021
1654
1348
130
2408
347
466
1107
755
370
1589
784
2428
339
290
1153
174
2196
1550
2186
581
2345
980
1205
252
1609
595
95
414
2018
97
1946
257
796
2122
170
2240
1239
1798
2009
1465
1383
350
778
36
926
2468
1907
1290
1975
302
2436
472
2480
2488
157
2302
895
793
910
570
1262
1655
2423
2353
1816
1061
2148
539
334
614
559
1602
1409
1479
597
1444
4
2315
1338
1542
603
1718
1956
1220
45
1141
2179
2294
2202
1031
760
2040
2134
599
1438
1297
1316
140
1501
2056
1331
513
437
598
2100
1289
1691
1448
262
1573
2273
1746
1306
2481
254
966
970
550
2146
837
1363
804
2305
418
552
1303
2201
1403
1300
800
2182
1421
1991
1659
934
495
1453
280
1487
345
2026
1647
1474
1284
239
942
1466
668
527
1221
1702
