9.160531249108316842e-07
3.533919516485184431e-05
7.791076086505199783e-07
1.737100916443523602e-07
4.697671101894229650e-04
1.097530798688239884e-06
6.152946752990828827e-06
6.915412541275145486e-06
2.204120164606138133e-06
5.189491503188037314e-07
2.097421884172945283e-06
3.794970689341425896e-04
4.088483183295466006e-05
1.042712665366707370e-05
1.000135174678007388e-08
4.215075023239478469e-05
8.373887794732581824e-06
2.300722883319394896e-07
1.668696882006770466e-06
1.624581054784357548e-04
1.285542111872928217e-05
2.484007097791618435e-07
2.714209585974458605e-07
1.759754013619385660e-05
1.543048165331128985e-05
4.454321242519654334e-06
7.000159030212671496e-07
3.354648754338995786e-07
1.410792833667073864e-06
2.641842002049088478e-04
7.179527983680600300e-06
4.331285708758514374e-06
8.487617742503061891e-05
1.882301730802282691e-04
1.164640616480028257e-05
7.942680326777917799e-07
2.900054641941096634e-05
1.755690755089744925e-05
6.889274227432906628e-04
2.859246137631998863e-07
7.694991950302210171e-07
3.089369045028433902e-07
8.670803453014741535e-08
4.126319765873631695e-07
3.678336270240833983e-06
1.141918914981943090e-06
1.597147019083422492e-07
3.094887915722210892e-06
9.213405292030074634e-07
3.454238708400225732e-07
7.943806122057139874e-04
7.408194733216078021e-07
4.064097538503119722e-06
1.521496884038242570e-08
1.080752767279591353e-07
7.611515862038231717e-09
6.069483788451179862e-06
2.614627305774774868e-07
3.462943823251407593e-06
1.795879597921157256e-06
2.652910779943340458e-06
1.523355990684649441e-06
1.140610311267664656e-05
1.206159481625945773e-06
1.211471726492163725e-06
1.756965559707168723e-07
2.667267108336091042e-04
2.189272692021404509e-07
5.978692115604644641e-06
6.606101578654488549e-06
8.692681876709684730e-05
8.992805305751971900e-06
3.084436175413429737e-04
1.748700924508739263e-05
5.171239990886533633e-06
9.724516530695836991e-06
5.258831947685393970e-07
1.789047274769473006e-07
1.510936158410913777e-06
1.651330421736929566e-06
7.883704711275640875e-06
2.764086843853874598e-07
2.242103391836280935e-06
1.744927612890023738e-05
3.407801614230265841e-07
1.500804245324616204e-07
1.421890090114175109e-07
7.366465215596917915e-09
1.252073889190796763e-05
1.198538520839065313e-04
6.803441920055774972e-06
2.951755277535994537e-06
9.714552106743212789e-06
8.259149581135716289e-06
7.181816954471287318e-07
1.834640897868666798e-05
4.704834282165393233e-06
2.464101635268889368e-05
7.957843877193226945e-07
1.636296786955426796e-07
3.312527769594453275e-05
2.086611203822030802e-07
1.345500919569531106e-07
5.827500717714428902e-04
2.593414194507204229e-07
2.612388925626873970e-04
3.934201231459155679e-07
6.751830369466915727e-06
2.254036644444568083e-06
5.378889454732416198e-06
1.495515789429191500e-05
1.175672359465806949e-08
9.804657707945807488e-08
1.404024033035966568e-06
3.919230948667973280e-05
3.283326179825962754e-07
8.986718057713005692e-06
2.177241498202420189e-08
9.661605872679501772e-05
1.326715937466360629e-05
6.949844646442215890e-06
8.815269438855466433e-07
1.748163958836812526e-05
9.346894103146041743e-08
3.465979148131737020e-07
2.217948058387264609e-04
6.478197756223380566e-04
2.165376354241743684e-04
4.229334535921225324e-06
2.726660000007541385e-07
7.260973688971716911e-07
1.241606355506519321e-07
9.894405366139835678e-07
3.782279691222356632e-06
5.656082180394150782e-07
2.195083425249322318e-06
2.090966518153436482e-05
1.502712166256969795e-06
1.933268123366360669e-08
7.643662343070900533e-07
1.485278062318684533e-05
7.628616003785282373e-05
9.979119931813329458e-05
1.461514621041715145e-04
2.677310476428829134e-06
1.965608680620789528e-05
3.872423803841229528e-06
3.958025899919448420e-06
6.686365668429061770e-05
8.080933184828609228e-06
9.667043195804581046e-05
1.410084990993709653e-07
9.267741006624419242e-06
5.406785021477844566e-06
1.028582019557688909e-07
1.858138716670509893e-06
1.907154000946320593e-05
6.662300506832252722e-07
1.706061993900220841e-05
3.521542748785577714e-05
4.337564860179554671e-06
2.031546046055154875e-06
9.723882143930495658e-09
1.319416185197042068e-07
8.568952580390032381e-06
2.987313109770184383e-06
7.648737891940982081e-07
3.827703665137960343e-07
5.240056998445652425e-05
4.139665747970866505e-07
1.036549065247527324e-06
4.340916802902938798e-06
6.949983799131587148e-05
6.963696068851277232e-05
8.538318070350214839e-07
8.691032782337515528e-09
1.617113157408311963e-04
6.498037691926583648e-05
1.177941976493457332e-05
4.201817489501991076e-07
9.754263601280399598e-07
1.800575264496728778e-04
2.125913397321710363e-06
3.439091926793480525e-07
2.250354214083927218e-07
3.847103653242811561e-05
4.048200423767411849e-07
4.460585785182047402e-07
1.369404799334006384e-06
1.558262010803446174e-05
6.443108577514067292e-05
5.371848601498641074e-07
2.420774399070069194e-05
4.868459946010261774e-04
8.623500491466984386e-08
8.405007889678017818e-08
1.411339417245471850e-05
2.906500230892561376e-05
1.243596692290793726e-08
8.821425581118091941e-07
6.744152051396667957e-05
4.499937062973913271e-07
5.164349568076431751e-04
7.745346010779030621e-06
6.155441042210441083e-06
4.287275714887073264e-06
9.093847097574325744e-07
1.615330111235380173e-04
1.062123374140355736e-06
2.003780537052080035e-06
2.125884748238604516e-06
6.791338478251418564e-07
3.322382326587103307e-05
4.305952643335331231e-06
9.206163667840883136e-05
1.711900836198765319e-06
5.252261416899273172e-07
1.183329459308879450e-05
3.148251198581419885e-05
1.978557156689930707e-05
2.971283902297727764e-05
1.640651498746592551e-05
7.610654574818909168e-05
3.142874049899546662e-07
3.747838661638525082e-07
3.369794576428830624e-04
5.122069978824583814e-06
5.548066837945953012e-06
7.610546504110971000e-08
5.817799433316395152e-07
4.503334275796078146e-05
2.361710357945412397e-05
2.593755539237463381e-07
6.176861934363842010e-04
1.991848534999007825e-07
1.227800657943589613e-05
1.072944069164805114e-04
3.239877742089447565e-06
7.434321560140233487e-06
3.969502770928556856e-08
1.823046034132858040e-07
6.821315764682367444e-05
1.530951898587318283e-08
8.582304076298896689e-07
9.385433372699480969e-07
3.108249438810162246e-05
6.065302295610308647e-05
1.544140559417428449e-06
4.491484287427738309e-05
5.249337320378799632e-08
5.858616532350424677e-06
1.343259281583186748e-08
3.923217445844784379e-05
3.156235834467224777e-06
2.818108441715594381e-06
1.074955378044251120e-07
5.289819249298943760e-09
3.417934976823744364e-06
4.658458507833529438e-08
1.423711455572629347e-05
1.814330289562349208e-06
4.094535142940003425e-06
5.949907426838763058e-05
2.831494202837347984e-05
2.122531077475287020e-05
1.059390997397713363e-04
1.622608215257059783e-05
1.727522430883254856e-05
3.239157877032994293e-06
1.454020966775715351e-04
7.686038117071802844e-08
8.297046297229826450e-04
2.271655041852227441e-08
8.118637424558983184e-07
7.686431047204678180e-09
7.321854936890304089e-04
6.245411350391805172e-05
5.940093979006633162e-05
3.051542591947509209e-07
1.346929202554747462e-04
6.329723589715285925e-08
2.379682939590566093e-07
1.413196878274902701e-04
2.674510213296343863e-08
3.456756530795246363e-05
4.416836318910100090e-08
1.056315522873774171e-05
2.064189629891188815e-06
5.319951469573425129e-06
3.890599145961459726e-06
8.314690603583585471e-06
2.290208556132711237e-07
6.685456810373580083e-06
9.513488521406543441e-07
1.710321271275461186e-07
1.063571744452929124e-06
5.844012775924056768e-07
1.738396895234473050e-05
3.315342837595380843e-06
6.086207804401055910e-07
1.618845708435401320e-04
4.543218437902396545e-06
4.275192964087182190e-07
2.346457767998799682e-05
8.688696766512293834e-07
2.788335677905706689e-06
1.845872793637681752e-05
7.919747076812200248e-06
6.120146878174637095e-08
3.886857058432724443e-08
4.109245139716222184e-07
1.547090651001781225e-04
4.363236030258121900e-07
9.914291609902647906e-08
2.023154047492425889e-05
1.324909135291818529e-06
1.236697607964742929e-05
2.012428922171238810e-06
2.611028867249842733e-05
2.770109567791223526e-04
5.099318968859734014e-06
2.606020425446331501e-04
1.406732772011309862e-04
3.747788355212833267e-07
1.371579401165945455e-07
1.837794843595474958e-04
2.166985505027696490e-04
2.842945104930549860e-04
9.206618756252282765e-08
5.812304152641445398e-06
4.837714939753823273e-08
1.647536350901646074e-06
1.839963988459203392e-05
5.341745691112009808e-06
2.155493129976093769e-04
5.275008334137964994e-06
9.302590342485927977e-08
2.085788401018362492e-05
2.266170611164852744e-07
2.347493364140973426e-06
4.572019679471850395e-05
3.345055738463997841e-04
2.035000363775907317e-07
6.668155378974915948e-07
1.889228542495402507e-07
4.349123372549001942e-08
6.797961304982891306e-06
4.893213940704299603e-07
1.392420188039977802e-07
4.270368954166769981e-04
6.996808679105015472e-07
1.078885247807193082e-06
2.600611878733616322e-06
1.043098905029182788e-06
7.518311122112208977e-06
9.397322742188407574e-08
1.859879716903378721e-08
2.704563939914805815e-06
1.385097039019456133e-05
3.302757704659597948e-06
2.451582076901104301e-06
3.117386586382053792e-05
1.457441385355195962e-07
1.233484454132849351e-05
1.014810186461545527e-05
2.819805331455427222e-07
3.073496941397024784e-07
2.607252099551260471e-06
1.643123937355994713e-06
1.177388276119017974e-05
3.880572307934926357e-07
1.736544436425901949e-05
3.871603985317051411e-05
2.550238605181220919e-06
6.231313818716444075e-06
1.642675897528533824e-06
3.968170403823023662e-06
4.874197657045442611e-06
2.062507292066584341e-06
3.441185754127218388e-06
8.426760323345661163e-04
1.970789298866293393e-06
1.100101371775963344e-06
2.075240104204567615e-07
1.232974966569599928e-07
1.693522449386364315e-06
1.099979201057976752e-07
3.598974629426265892e-08
5.196261918172240257e-05
2.901324762660806300e-07
3.035210056623327546e-06
6.840251444373279810e-06
2.503833684386336245e-06
1.159530498284766509e-07
2.658043563030787482e-08
1.137150047725299373e-05
1.415585188624390867e-06
2.874767687899293378e-06
1.187578249073339975e-07
8.057171498876414262e-07
2.791464567053481005e-06
4.299631982576102018e-04
8.046036782616283745e-06
1.285448888665996492e-05
5.742748726333957165e-06
2.896953265008050948e-05
1.696576873655430973e-05
2.452794251439627260e-05
6.314225174719467759e-06
3.258891592849977314e-05
3.142186033073812723e-04
1.505745240137912333e-05
3.042171314859842823e-08
2.191331738288226916e-08
1.093181580813507026e-07
3.285366574345971458e-06
7.928926788736134768e-05
1.297480253015237395e-06
1.339935988653451204e-05
5.208878428675234318e-05
1.042188046085357200e-06
3.601478510972810909e-06
9.473259524384047836e-06
4.783351315040818008e-08
1.061132661561714485e-05
1.712635793182926136e-07
1.787502014849451371e-06
7.968126851665147115e-07
1.250083698778325925e-07
9.055922419065609574e-06
2.830074947723915102e-07
1.080347647075541317e-05
3.347161623423744459e-07
2.692516787305976322e-08
6.767008744645863771e-05
3.839065357169602066e-06
1.425549498890177347e-06
2.004334055527579039e-05
2.702875008253613487e-07
2.624094304337631911e-05
2.546701580286026001e-04
1.552551339045749046e-06
1.471073346692719497e-06
3.795651718974113464e-05
5.468722083605825901e-04
5.319563456396281254e-07
1.315521694777999073e-05
9.815940416046942119e-08
3.045200719498097897e-05
2.388031862210482359e-04
6.766772457922343165e-06
2.533273072913289070e-04
1.752715839131724351e-08
1.181186803478340153e-06
1.473391421313863248e-06
6.070328709029126912e-06
3.837260919681284577e-06
1.808333327062427998e-04
1.833200968803794240e-08
2.156399204977788031e-06
2.458629023749381304e-04
2.009133339697655174e-07
4.208781774650560692e-06
7.300131073861848563e-06
4.326517228037118912e-06
5.675398639937156986e-08
1.529638460340265738e-08
1.125567905546631664e-06
2.514603875169996172e-05
6.677320925518870354e-04
1.172857878373179119e-06
1.157708447863114998e-05
1.066569457179866731e-04
4.130541686464539453e-09
2.058269046756322496e-06
9.601343435861053877e-07
4.251296559232287109e-06
3.084693889832124114e-05
4.665932635816716356e-07
2.228263838333077729e-05
6.807217141613364220e-04
4.288479615865981032e-08
1.694453146683372324e-07
1.512727030785754323e-04
2.099734956573229283e-05
1.608330357782961073e-08
7.984299736563116312e-05
3.808103429037146270e-06
1.009476662261477031e-07
9.080041309061925858e-06
6.380243888770564809e-08
1.520285331935156137e-05
1.359858970317873172e-06
4.897677285953250248e-07
4.302884235585224815e-07
3.959279638365842402e-06
1.497942412242991850e-05
8.634100231574848294e-05
1.334841304156952901e-08
1.472808435210026801e-06
3.498277010294259526e-07
4.462391189008485526e-06
3.239057662085542688e-07
6.390344060491770506e-05
9.261043487640563399e-06
1.233247672871584655e-07
7.533353054895997047e-04
1.723509690521041193e-08
5.236664947005920112e-05
7.111189859188016271e-08
1.400673568241472822e-07
6.819518603151664138e-07
8.708525456313509494e-08
1.947617192854522727e-06
1.596832407813053578e-05
8.584648639953229576e-06
1.098452412406913936e-04
2.411253990430850536e-05
7.409233830912853591e-07
5.147175397723913193e-05
9.405555829289369285e-06
2.003703411901369691e-05
1.494761905632913113e-03
5.270066139928530902e-06
4.379738584248116240e-06
1.255926918020122685e-07
1.909514321596361697e-05
2.499944457667879760e-06
6.250994033507595304e-08
1.148267543271686009e-07
4.176233687758212909e-07
2.470341496518813074e-05
4.883368092123419046e-06
4.773840828420361504e-06
1.391472665090986993e-06
9.650318588683148846e-07
4.999732482247054577e-05
2.342168272662092932e-07
3.879310028764848539e-08
1.396596303493424784e-06
3.217621724616037682e-06
1.354347841697745025e-05
3.221240092443622416e-07
8.946978269364080916e-09
1.182143094524690241e-07
6.681890226900577545e-05
8.489692504554113839e-08
1.067707415813856642e-07
2.586334594525396824e-04
1.844959115260280669e-06
7.868451939430087805e-05
6.022223715262953192e-07
4.007412280770950019e-05
3.564523922250373289e-06
1.669378207225236110e-06
1.839843122297679656e-07
1.315485314989928156e-05
9.093084258893213701e-07
2.102320195263018832e-06
3.023386341283185175e-07
7.693710358580574393e-06
4.042593445774400607e-06
1.391949666640357464e-08
2.258708263980224729e-06
1.928972181985955103e-07
2.122587687836130499e-07
8.872470971255097538e-06
6.482189007783745183e-08
6.618488423981716551e-09
7.053588433336699381e-06
2.535097394229524070e-07
1.287782502856771316e-08
6.306260047495015897e-07
8.604606591688934714e-06
3.061071765841916203e-05
4.692032007369562052e-08
1.089557372324634343e-05
7.148471468099160120e-07
3.308206828478432726e-07
1.203620058731758036e-06
1.216325813402363565e-06
6.723994738422334194e-05
2.466670994181185961e-04
8.806809859152053832e-08
1.765339402481913567e-05
2.927480454673059285e-05
1.529195742477895692e-06
2.712223504204303026e-04
2.504262965885573067e-07
2.065895159830688499e-06
5.555485258810222149e-04
2.426160108370822854e-06
8.479916857595526380e-08
3.691151141538284719e-05
2.196513605667860247e-06
1.851244178396882489e-06
1.224965302526470623e-07
4.780929998560168315e-07
3.583905026971478947e-06
4.425965598784387112e-04
4.476600850011891453e-07
2.169032268284354359e-05
2.322541549801826477e-04
4.878205928093848343e-08
1.017474119180405978e-06
2.699428478081244975e-06
5.752894480792747345e-07
1.484519600580824772e-07
3.156778120683156885e-06
1.927682973246191978e-07
9.861754506346187554e-07
7.158840276133560110e-07
2.284973561472725123e-06
1.252444814525688344e-08
5.283869786154582471e-09
1.125231756304856390e-05
6.227120138646569103e-06
4.922283551422879100e-05
5.119306024425895885e-06
3.358603407832561061e-06
4.515207365329843014e-06
1.085426538338651881e-05
2.529544872231781483e-05
1.533442627987824380e-05
6.484618779722950421e-07
1.288466478399641346e-06
6.340464437926129904e-07
3.767896217254929070e-08
3.215181436644343194e-07
2.298835966030310374e-08
1.707095943856984377e-04
8.147407726255551097e-08
6.040163498255424201e-07
1.868245703917637002e-06
1.392507329001091421e-05
7.271143203979590908e-06
1.019475239445455372e-04
6.529829261125996709e-05
7.194470867943891790e-07
3.814320734818466008e-05
1.442322261624440216e-08
1.343441908829845488e-05
2.128225787600968033e-06
6.498071059013454942e-08
4.721257573692128062e-05
5.029529802413890138e-06
1.220612903125584126e-04
1.089056400616073006e-08
7.171124707383569330e-06
8.610782242612913251e-05
4.065078940129751572e-08
9.787898306967690587e-05
1.960865192813798785e-04
3.538791304436017526e-07
4.997329483558132779e-08
5.000180681236088276e-05
1.352348931504820939e-06
3.617667744038044475e-06
8.855529358697822317e-07
5.243596206128131598e-06
1.185683117910230067e-06
4.115740068755258108e-07
2.688558140562236076e-07
4.149990490986965597e-05
2.500048879028327065e-07
9.101244359044358134e-05
7.440740773745346814e-06
1.232909774273593939e-08
8.429024234146709205e-08
1.319382681685965508e-05
5.256966915112570859e-07
1.541200981591828167e-05
5.929188695574794110e-09
1.045385033648926765e-05
5.675324700860073790e-06
2.467448030074592680e-05
4.330366110139038938e-08
1.061814373315428384e-06
1.236510161106707528e-05
3.052928150282241404e-07
8.262245501100551337e-06
1.624624879070779571e-08
2.212754588981624693e-05
5.594880576609284617e-07
5.337203674571355805e-06
8.014003469725139439e-07
2.719769872783217579e-05
1.314385644946014509e-05
7.771330274408683181e-06
9.666529194873874076e-07
1.224650259246118367e-05
1.353266014803011785e-07
1.828395923553216562e-08
5.988096773990037036e-08
3.336454255986609496e-06
9.393343702868151013e-08
5.139422114552871790e-07
1.771605070644000079e-06
6.403175234481750522e-08
1.346510316579951905e-06
2.652985494933091104e-05
1.536024285542225698e-07
1.156045186689880211e-06
7.394537959726221743e-08
3.086047399847302586e-07
2.514268853701651096e-04
1.536803218016302708e-08
3.648782183063303819e-07
2.182650632676086389e-06
1.386066287523135543e-06
3.945108062453073217e-08
4.347294861872796901e-07
8.315367949762730859e-07
1.097314452636055648e-04
2.613959168229484931e-06
1.004238242785504553e-06
2.382266829954460263e-04
1.895732992807097617e-07
5.233414412941783667e-06
2.707260762235819129e-07
4.410554083733586594e-06
1.478333888371707872e-05
1.541609776722907554e-06
2.596438753244001418e-05
2.481050796632189304e-05
2.080917305136154027e-08
1.480175455981225241e-06
7.413680577883496881e-05
4.234801235725171864e-05
1.726036771287908778e-06
6.342384949675761163e-06
3.270286106271669269e-05
4.496755718719214201e-04
3.345923032611608505e-04
1.532579972263192758e-06
3.950551885623099224e-08
5.844018957645857881e-08
1.637892296457721386e-06
3.536733288456161972e-07
7.556804575870046392e-06
5.008994321542559192e-06
3.160595838380686473e-07
8.695487849763594568e-06
3.253743443565326743e-06
6.276674184846342541e-07
2.534986124373972416e-04
5.021904669888499484e-08
6.689609108434524387e-06
1.786408938642125577e-05
9.048990250448696315e-06
2.802769586196518503e-06
4.535491370916133747e-06
2.192844704040908255e-06
1.154216079157777131e-05
2.847687574103474617e-05
1.720117381864838535e-08
1.055101179758821672e-07
1.532180959884499316e-07
4.332849528054794064e-07
4.886238116341701243e-07
1.949177885762765072e-08
1.412528149558056612e-06
4.770431516476492106e-08
2.218807367171393707e-06
1.558170197313302197e-06
2.656966842096153414e-07
1.092894672183319926e-05
8.218991638386796694e-07
4.733394234790466726e-06
3.041434979422774632e-07
1.486145947637851350e-06
9.256990779249463230e-06
6.335510261123999953e-05
1.901212954180664383e-06
2.856302444342873059e-06
6.651251993616824620e-09
1.874962691772452672e-07
2.621240291489357332e-08
1.271901851396251004e-06
3.268503633080399595e-06
1.972083367718369118e-07
6.013603410792711657e-07
3.996573650510981679e-05
3.413578610889089759e-07
1.436347884009592235e-05
6.235356231343303079e-09
1.134855665441136807e-06
2.095105600119495648e-07
8.100643356101500103e-08
4.588241790770553052e-05
7.824249223631341010e-06
3.490356903057545424e-06
3.381959459147765301e-07
2.957805556036419148e-08
4.906185608888335992e-07
7.122113565571908111e-09
4.731687965886521852e-07
3.850836583296768367e-05
4.392014488985296339e-06
7.441801699314964935e-07
9.740072215436157421e-08
3.137025998967146734e-07
1.206083652505185455e-06
2.829681022831209702e-07
1.228471774084027857e-05
1.180424897029297426e-05
3.258736796851735562e-06
2.779351859771850286e-07
4.905043624603422359e-06
4.770208761328831315e-07
9.485083865001797676e-06
1.985216158573166467e-06
7.943336095195263624e-05
1.185019815608256977e-08
9.354235771752428263e-06
1.639647280171629973e-07
4.040231829094409477e-07
3.340061539347516373e-06
3.763986751437187195e-04
4.829407771467231214e-05
1.952201046151458286e-06
2.052872150670737028e-04
2.117826056746707764e-07
3.761032587590307230e-07
2.297793616889975965e-05
2.655062189660384320e-06
3.896149891602362914e-08
3.579791396646214707e-08
4.464087055566778872e-08
1.838968799461326853e-08
5.988867428641242441e-07
2.855339698726311326e-05
3.127382296952418983e-05
6.339781180031422991e-07
5.867703293915838003e-06
1.815789829606728745e-07
5.598036295850761235e-06
1.438136241631582379e-04
4.783266558661125600e-05
2.665143767899280647e-07
3.031710491541161900e-07
2.102800493730683229e-07
1.263714011656702496e-06
2.292849330842727795e-06
5.469432835525367409e-06
4.557446970920864260e-07
2.107132022501900792e-04
4.219968730012624292e-07
1.128146657720208168e-03
3.623039290800988965e-08
2.653373165628636343e-08
5.064222818873531651e-07
2.469410674166283570e-06
4.097194139518478551e-09
6.976872100494801998e-06
1.711030428452886554e-08
5.622287631013023201e-07
2.436728391330689192e-05
5.641807547362986952e-06
7.877488314989022911e-07
6.554390665769460611e-07
9.368422979605384171e-06
3.285387322193855653e-07
3.464390601948252879e-06
1.315245845034951344e-05
3.631527789593747002e-08
3.072140680160373449e-05
5.790814248030073941e-05
1.725880792946554720e-05
7.727708251081821800e-09
3.893873667948355433e-07
9.350734035251662135e-05
3.343963683732908976e-08
1.665847690901500755e-07
1.765829551914066542e-06
9.743082785007572966e-08
1.255407369171734899e-05
2.379905936322757043e-06
6.835053909526322968e-07
9.816575038712471724e-05
3.344405740790534765e-06
3.909325641870964319e-06
8.976985554909333587e-05
1.213041258552038926e-07
1.839272736106067896e-04
1.008856855833073496e-07
4.726983604541601380e-08
4.480953211896121502e-04
6.228571010069572367e-07
3.893698249157750979e-06
1.975017624999964028e-07
2.694981048989575356e-06
3.773700518650002778e-05
4.035948222735896707e-06
1.820434590626973659e-06
2.622961574161308818e-06
3.947095095213626337e-08
1.169370534626068547e-05
4.690557398134842515e-05
8.547931997782143299e-07
2.995729118993040174e-06
6.970341814849234652e-07
8.179129622476466466e-07
3.933521838916931301e-06
6.627061566177872010e-07
5.002555170108280436e-08
4.956702832714654505e-05
1.581879246259632055e-06
9.379737520021080854e-08
4.874815999755810481e-07
2.096018306474434212e-06
2.661958660610252991e-06
3.177537877263603150e-08
2.004778387743044732e-08
3.204612767149228603e-06
8.542521072740782984e-07
1.174699900730047375e-05
3.867762643494643271e-07
1.927953235281165689e-05
4.050915265452204039e-07
6.770384788978844881e-05
2.910785497078904882e-06
6.920888154127169400e-06
7.743654350633732975e-06
1.065598212335316930e-06
1.154937308456283063e-05
3.680353256640955806e-05
1.393843884756051921e-08
7.365178589679999277e-06
2.836125495377928019e-04
5.562926048696681391e-07
2.155149104510201141e-06
8.817690968498936854e-07
1.163145455507219594e-07
2.378256567681091838e-06
3.440686100475431886e-07
3.800463161951483926e-07
1.690739736659452319e-05
3.540762918419204652e-07
3.586632665246725082e-04
1.870950291049666703e-05
8.997017175715882331e-06
4.172592889517545700e-04
5.036791662860196084e-06
1.017528575175674632e-06
2.683337697817478329e-06
7.384688160527730361e-06
2.355482848770407145e-07
7.182687511431140592e-08
5.499615217559039593e-04
3.822701728495303541e-06
3.012690285686403513e-06
2.904092070821207017e-06
2.359395466555724852e-06
2.010418711506645195e-06
1.174522913061082363e-05
4.673568400903604925e-05
3.348925019963644445e-06
1.646794771659187973e-07
4.683332917920779437e-06
6.594222554667794611e-07
2.102570988427032717e-06
3.244632898713462055e-05
2.315702545274689328e-07
6.211651452758815140e-06
7.768158866383600980e-06
1.031546759122647927e-07
4.755591760385868838e-07
3.502706022118218243e-05
3.801020653781961300e-08
6.910019692440982908e-06
4.701106490756501444e-07
2.495080707376473583e-06
4.289294395221077139e-07
4.843078613703255542e-07
4.333254537414177321e-07
3.957041485591616947e-07
9.778074308997020125e-05
4.379145138955209404e-06
2.105080739056575112e-06
4.089590674993814901e-06
4.320424906723019376e-08
1.335774140898138285e-05
6.582016339962137863e-06
2.145785174434422515e-06
1.914133562763709051e-08
2.902264895965345204e-06
1.129115219100640388e-07
4.089348658453673124e-04
4.218910021336341742e-08
1.401006920787040144e-05
1.339395297691226006e-03
8.564263225707691163e-06
1.833985734265297651e-04
3.297702960480819456e-06
7.302899757632985711e-05
5.072442021969436610e-09
7.328166589104512241e-07
1.041901853682247747e-08
3.495105192996561527e-05
2.620238228701055050e-05
1.014479221339570358e-05
2.325259806923440919e-08
1.872705183814105112e-06
2.079860337289574090e-07
3.649004838734981604e-06
1.956898927346628625e-07
1.516520114819286391e-06
1.665617332946567331e-07
1.186605118164152373e-06
6.365566514432430267e-04
4.883582278125686571e-06
5.499626354321662802e-07
2.675125870155170560e-06
1.206188571245547791e-08
1.551078696593322093e-07
6.650529460472398569e-09
2.841118657670449466e-06
7.222793101391289383e-06
2.773777794118359452e-07
3.301622200524434447e-05
8.152468944899737835e-05
5.362639967643190175e-07
1.003400598165171687e-06
1.450389299861853942e-05
5.732319550588726997e-06
1.164976129075512290e-05
1.602323550287110265e-06
4.692747879175840353e-08
2.365032378293108195e-05
1.258335124987297604e-08
3.051090516237309203e-06
4.423062875957839424e-07
1.675074713602953125e-06
4.122284881304949522e-04
2.916359562732395716e-06
5.741433994899125537e-08
2.507195131329353899e-05
2.022455589667515596e-07
1.420283446407211159e-08
2.613722244859673083e-05
4.383691631915098696e-09
2.585302900115493685e-05
1.414166774793557124e-07
1.618961618987668771e-06
1.770620542629330885e-06
1.018316766021598596e-06
3.638351699919439852e-05
8.520938536094035953e-06
2.426720357107114978e-06
2.158625420634052716e-06
7.672137485315033700e-07
2.957636695555265760e-07
5.612632594420574605e-05
1.755618723109364510e-05
3.406027815344714327e-07
1.636312276787066367e-07
7.173860922193853185e-06
4.571154931909404695e-06
2.778026555461110547e-06
2.767967998806852847e-05
1.350929505861131474e-05
8.151010661094915122e-06
1.740427833283320069e-04
2.152912202291190624e-06
4.473341505217831582e-06
6.400763368219486438e-07
1.610835170140489936e-05
3.955502324970439076e-05
6.663412932539358735e-07
1.265939175709718256e-07
4.492891889640304726e-07
1.928620122271240689e-06
4.867448524237261154e-07
3.680624331536819227e-06
1.809458080970216542e-05
1.740802190397516824e-06
1.954205436049960554e-05
6.812725814597797580e-07
3.863471192744327709e-06
2.398615179117769003e-04
1.062297087628394365e-05
4.823576546186814085e-06
5.245636657491559163e-06
1.343475196335930377e-05
6.780201802030205727e-04
1.409677086172678173e-08
5.029511385146179236e-07
1.643589371269627009e-07
8.551225505470938515e-07
9.932403372658882290e-06
1.537149073556065559e-04
2.059040707536041737e-05
1.156450935013708659e-06
1.066329673449217808e-07
6.544203756675415207e-07
8.345356405925485888e-09
4.157944567850790918e-05
4.237449047650443390e-06
1.157460047807035153e-07
7.918350206637114752e-07
7.174702165713142676e-09
2.060525794433942792e-08
1.888404995042947121e-06
4.760283900395734236e-06
9.157393833447713405e-06
4.954473297402728349e-06
2.156777554773725569e-06
1.881761818367522210e-05
1.201730555067115347e-07
7.218216779847352882e-08
2.724206638049508911e-07
5.142982217876124196e-07
2.185553285016794689e-07
1.398991912537894677e-06
9.878878699964843690e-06
7.130073299776995555e-06
1.879572323559841607e-06
4.230040303809801117e-06
1.837787408476287965e-06
3.198197484621800868e-09
1.203493752655049320e-06
3.535438963808701374e-06
9.537897582845289435e-09
1.176899786514695734e-05
5.000390592613257468e-05
3.146057991898487671e-08
2.323069914211828291e-08
3.136845180051750503e-06
2.753083390416577458e-05
8.824590622680261731e-06
2.589529904071241617e-04
2.752047521425993182e-06
1.619582405965047656e-07
1.268652795261004940e-06
1.942008930200245231e-05
3.627208400303061353e-08
3.817921424342785031e-06
2.346825021959375590e-05
1.925108563227695413e-06
3.629663842730224133e-05
2.238307934021577239e-05
1.726204936858266592e-05
2.195173146901652217e-05
2.926004299297346734e-06
9.266654998896228790e-09
9.941784355760319158e-07
4.435730807017534971e-04
4.984121346751635429e-07
9.809526773096877150e-07
2.911851042881608009e-04
4.098234057892113924e-05
1.154854635387891904e-05
8.683163628120382782e-07
3.892792577175896440e-08
9.365289770357776433e-07
2.361423539696261287e-04
1.115555733122164384e-05
7.851636496525316034e-08
1.103736906316044042e-07
3.101713446085341275e-06
1.610604044799401890e-06
3.914388344128383324e-06
3.351092914272157941e-07
1.596673229187217657e-07
5.030912006986909546e-07
5.914078428759239614e-06
3.155465719828498550e-06
2.733038400037912652e-07
3.582588760764338076e-05
1.145526766777038574e-05
2.471277760207613028e-08
8.563479241274762899e-06
6.007641673022590112e-07
1.378344563818245661e-06
5.553469577534997370e-07
5.448741831060033292e-07
2.219704811068368144e-06
6.528968299335247139e-08
1.318870781688019633e-04
5.328659881342900917e-06
1.299781433772295713e-04
1.472575263505859766e-06
2.469504352120566182e-07
8.697304565430385992e-08
2.439955824229400605e-05
2.545835116052330704e-07
3.645304605015553534e-05
2.120033741448423825e-06
2.442518052703235298e-06
9.960241413864423521e-07
7.458122297521185828e-08
1.112886479859298561e-06
1.149212380369135644e-06
3.235559020708933531e-08
7.523662134190090001e-06
1.370261486499657622e-07
2.212835624959552661e-06
1.428732957720058039e-05
3.958094112022081390e-06
5.230306487646885216e-05
9.588903594703879207e-06
2.659471647348254919e-06
2.978369366246624850e-06
2.393129034317098558e-05
1.777290708560030907e-05
6.252132607187377289e-07
2.160965628661415394e-08
7.006971713963139337e-07
9.218327363669232000e-07
1.723950404652896395e-08
6.393534590642957482e-08
1.901339707899296627e-08
3.848282581486728304e-09
3.140329454254242592e-06
4.475357127375900745e-05
8.273214575638121460e-07
1.453156954767109710e-07
2.003681174755911343e-06
2.946329550468362868e-05
1.513305960543220863e-05
3.425224276725202799e-04
2.508733132344787009e-07
3.414657385292230174e-06
7.315686161746270955e-06
3.810128212933250325e-09
4.610029407103866106e-07
3.264651127210527193e-08
1.017370792055771744e-07
1.899261690141429426e-07
6.232917075976729393e-05
2.426428125090751564e-07
3.099408445450535510e-07
1.828350946198042948e-06
2.600540028652176261e-06
8.353418525075539947e-05
9.945339343175874092e-07
2.517058164812624454e-04
1.391227669955696911e-05
4.144037291098356945e-08
3.902319463122694287e-07
8.887096925036530592e-08
8.274512365460395813e-04
7.179481258390296716e-07
8.984832788883068133e-07
7.232127359202422667e-07
3.277513371813256526e-07
7.850933059216913534e-08
2.472385673968346964e-08
4.561578407447086647e-06
4.195745077595347539e-06
1.448472289666824508e-06
1.191761285213033261e-07
5.014864200347801670e-06
1.918369662234908901e-06
1.315356257691746578e-05
1.888735823740717024e-05
3.750165888050105423e-06
2.674231109267566353e-05
5.422165259005851112e-07
1.399865141138434410e-05
2.833828887105482863e-07
3.081933027715422213e-05
2.588107236078940332e-06
1.277487081097206101e-05
5.666779543389566243e-06
4.186110800219466910e-07
1.912017296490375884e-06
1.600965617853944423e-07
2.014172423514537513e-06
4.411673216964118183e-06
5.753854566137306392e-06
2.740959462244063616e-05
1.589480416441801935e-05
3.555390293286109227e-08
2.662969109223922715e-06
1.084224459191318601e-05
1.103242880162724759e-06
9.252657946490217000e-06
4.447005963470473944e-08
9.576693628332577646e-06
1.522596430731937289e-04
3.647432151865359629e-07
5.298485916682693642e-08
4.280127759557217360e-04
1.669064744191928185e-07
5.342120630302815698e-07
1.199296093545854092e-05
2.911648877557126980e-08
4.916124112241959665e-07
1.005760932457633317e-04
3.292817564215511084e-05
4.469100167625583708e-05
4.961778813594719395e-06
3.530614776536822319e-05
2.761904625003808178e-06
1.354430079203439163e-08
2.226132437499472871e-06
5.930407382948033046e-07
4.393459676066413522e-06
5.090423371711949585e-08
1.599004804120340850e-07
9.778343468269667937e-08
8.451095823147625197e-08
1.563002456350659486e-07
1.049001028263774060e-07
3.093085979344323277e-05
6.965882448639604263e-07
5.473789769894210622e-06
1.895244395200279541e-06
4.653925316233653575e-06
4.769535735249519348e-07
3.533039034664398059e-06
2.036462683463469148e-04
3.947215191146824509e-06
7.217808160930871964e-06
3.391885172732145293e-07
4.116171510304411640e-07
6.157844154586200602e-07
1.170182351017956535e-08
8.869645171216689050e-06
7.219011877168668434e-06
6.864174793008714914e-07
3.049225415452383459e-05
2.256781044707167894e-06
4.702411843027221039e-06
2.602243966975947842e-07
5.087087629362940788e-04
1.717050145089160651e-05
1.762032843544147909e-05
3.302294771856395528e-06
8.125475687847938389e-06
8.615368187747662887e-07
8.289454456189560005e-08
2.636339922901242971e-05
2.020861211349256337e-05
2.724487567320466042e-04
2.255782646898296662e-06
1.616633426237967797e-06
4.951445589540526271e-06
6.941981700947508216e-05
3.106734311586478725e-06
2.899982973758596927e-05
1.883020672721613664e-06
1.266049366677179933e-06
6.543386552948504686e-05
9.061498218443375663e-08
1.646716327741160057e-06
2.051844967354554683e-05
3.355431545060127974e-04
2.115629769150473294e-07
3.967023531004087999e-06
3.755778152481070720e-06
1.125952280744968448e-06
3.652793338915216736e-06
2.304856388946063817e-05
2.408738055237336084e-06
1.166193257517988968e-07
2.444719093830372003e-08
3.971752084908075631e-05
8.012177204363979399e-06
2.951068609036155976e-06
1.194125957226788159e-06
3.621806285991624463e-07
3.942374678445048630e-05
1.453921072425146122e-06
1.233650255016982555e-05
3.375049345777370036e-06
2.441204514980199747e-06
3.486457899271044880e-06
1.990531927731353790e-06
1.383958306178101338e-06
1.901513883240113501e-06
3.113559796474874020e-05
1.266341655536962207e-06
5.039626557845622301e-05
6.435531395254656672e-05
3.847630978270899504e-06
5.394323920882015955e-07
2.776763039946672507e-06
1.931553015310782939e-05
1.010237440368655371e-07
1.686333007455687039e-06
1.366405740554910153e-06
7.463870019819296431e-07
1.274416135856881738e-04
1.787888891158218030e-06
4.197293947072466835e-06
9.253806751985393930e-07
3.061770925683049427e-08
9.489385993219912052e-04
5.214624252403154969e-07
3.320563791930908337e-06
5.756370228482410312e-05
3.041341187781654298e-06
1.479860770814411808e-06
6.152295100037008524e-06
3.242842240069876425e-06
7.810739788283171947e-08
2.731761696850298904e-07
2.878331315514515154e-06
4.012020144728012383e-05
1.754080699356563855e-06
9.040989112918396131e-08
2.035068291661445983e-07
3.740072543223504908e-06
9.048562787938863039e-08
1.284870450035668910e-05
4.006125891464762390e-06
5.234752279648091644e-06
2.588808820291887969e-05
5.673477971868123859e-07
1.355381051837412087e-08
1.563125988468527794e-04
4.220928495612952247e-09
3.359678046876979352e-08
7.562788960058242083e-05
1.478105423302622512e-05
4.295795008601999143e-07
1.396711013512685895e-04
3.260726543885539286e-06
2.684971036615024786e-07
1.488215048084384762e-06
2.019791764951150981e-07
7.158253652050916571e-07
1.128368154468262219e-07
1.575915007379080635e-07
2.907650468841893598e-06
1.207877744491270278e-07
2.636803344557847595e-07
1.283911842620000243e-04
2.957706783490721136e-06
4.436669698293371766e-08
3.566002533261780627e-07
1.173465989268152043e-05
3.158813797199400142e-06
7.095317187122418545e-07
2.763817519735312089e-06
2.199891468990244903e-08
2.205226337537169456e-06
1.080410161335976227e-08
3.903360266122035682e-05
9.808417189560714178e-08
1.076896651852621289e-07
1.921021430462133139e-05
2.803074266921612434e-06
1.078152990885428153e-06
1.005650318575135316e-07
2.242295977339381352e-06
1.045336193783441558e-05
2.700744232697616098e-07
7.532190920755965635e-06
4.533781634563638363e-07
5.256520196894598485e-08
5.190437235569334007e-08
4.308743939418491209e-07
1.303333556279540062e-04
5.492640866577858105e-06
4.811263806914212182e-06
9.060907905222848058e-05
5.102227987663354725e-06
5.668498033628566191e-06
1.092261300073005259e-05
4.712845839094370604e-05
8.220080616183622624e-09
8.356748730875551701e-05
8.901328101273975335e-07
1.277313572245475370e-06
5.942137213423848152e-04
3.801030834438279271e-05
2.782019521418988006e-07
5.746719580201897770e-07
8.454175315364409471e-08
9.437077324037090875e-07
8.231929626845158054e-08
1.139384266934939660e-06
5.728269343308056705e-07
1.225400581006397260e-08
1.569842993376369122e-06
4.035753954667598009e-05
1.833022397477179766e-04
3.557639865903183818e-05
4.058596096001565456e-04
8.541787792637478560e-07
2.478030219208449125e-04
4.997825017198920250e-04
2.418628537270706147e-05
5.520325885299826041e-06
2.468127058818936348e-04
6.724294507876038551e-07
1.522110233054263517e-05
3.540580735261755763e-07
5.734768393494960037e-08
1.382212957423689659e-07
6.121096703282091767e-06
5.542471990338526666e-05
7.490710913771181367e-07
5.217474807750477339e-08
5.903327291889581829e-06
1.504870510871114675e-06
2.196016794187016785e-05
2.212258405052125454e-04
2.502923780411947519e-05
1.577842795086326078e-06
6.269937671277148183e-07
2.453233037158497609e-06
3.850678331218659878e-05
2.402206973783904687e-06
2.813226274156477302e-08
2.500893742762855254e-06
1.599217466718982905e-05
1.143812156101375876e-08
2.518842023846445954e-08
5.832376359649060760e-07
8.460815479338634759e-06
2.736127862590365112e-05
2.157333437935449183e-05
9.141542250290513039e-05
2.252689591841772199e-05
3.598713504970874055e-08
1.038368509398424067e-06
1.668502846996489097e-07
2.465556317474693060e-04
6.002882457778468961e-08
8.963897562352940440e-05
1.055158122653665487e-06
2.006681024795398116e-04
6.885942411827272736e-07
2.090254298536819988e-07
2.081007153265090892e-07
3.403729067485983251e-07
4.449373136594658718e-08
3.981213376391679049e-05
2.138239869964309037e-05
2.036129990301560611e-05
1.126670667872531340e-05
4.500805061979917809e-06
6.840583955636247993e-05
3.653169414974399842e-06
1.669713856244925410e-05
1.508336717961356044e-04
1.898134883049351629e-06
8.397983947361353785e-06
1.199344552560432930e-07
2.500314076314680278e-05
2.883723027480300516e-05
8.753652878112916369e-07
6.904995825607329607e-05
2.733406176957942080e-07
2.601978849270381033e-06
3.771520823647733778e-06
6.924223271198570728e-05
9.640231724006298464e-08
4.314216539569315501e-08
1.633658371247292962e-06
1.409012611475191079e-06
2.160899903458357585e-08
5.132335090252126975e-08
1.208462322210834827e-06
2.576881286131538218e-07
5.472124939842615277e-06
1.588925806572660804e-05
5.426981601885927375e-07
4.495244638746953569e-07
3.135274891974404454e-05
4.672808131545025390e-07
1.109092906403930101e-07
8.118380355881527066e-05
7.003467180766165257e-05
5.862494581378996372e-04
6.393131712911781506e-08
3.995300721726380289e-05
8.435339623247273266e-06
6.554543233505683020e-06
3.123044223229953786e-07
3.258444121456705034e-05
3.487227877485565841e-05
3.568792635633144528e-06
1.181766401714412495e-05
2.336867737540160306e-06
3.154841010655218270e-07
1.093161517928820103e-05
2.534246050345245749e-05
1.465162058593705297e-04
9.580840924172662199e-06
7.347104258315084735e-08
4.972271199221722782e-06
5.674047315551433712e-06
1.240223173226695508e-05
3.355001535965129733e-05
3.168895190697185171e-08
1.331196131104661617e-06
2.265421971969772130e-05
1.660825432736601215e-06
2.174527025999850594e-06
7.582104899483965710e-08
9.645423233450856060e-07
5.914191660849610344e-06
2.898301318055018783e-06
2.315996243851259351e-04
3.011157048149470938e-07
7.264407031470909715e-06
7.098925181026061182e-08
1.916161380677294801e-07
2.211866085417568684e-04
1.645596938715243596e-07
1.055829125107266009e-05
4.853787686442956328e-06
3.960944013670086861e-04
1.438820763723924756e-04
2.219404223069432192e-06
1.954270601345342584e-06
9.548112700485944515e-08
1.046748607791414543e-07
1.770678209140896797e-04
1.987393432045791997e-07
2.744373659879784100e-06
2.067941295536002144e-06
8.289864490507170558e-05
4.076771801919676363e-06
1.091621086857230694e-07
6.613036384806036949e-05
3.762736753287754254e-07
1.971464143935008906e-06
1.563299178997112904e-06
4.627442649507429451e-06
2.098777986248023808e-05
4.925474640913307667e-04
9.629481610318180174e-06
1.027640372797122836e-08
3.976148036599624902e-06
6.134040177130373195e-06
2.068272624455858022e-05
2.920429267305735266e-07
1.344366573619026894e-08
1.457572125218575820e-06
4.905952300759963691e-05
3.820788663233543048e-07
1.542377322039101273e-05
5.242016413831152022e-05
1.333592223318191827e-07
3.836610630969516933e-05
5.906903425056952983e-06
4.888041758022154681e-07
2.811837589433707763e-07
3.715595767062040977e-06
1.489374517404939979e-05
5.496491794474422932e-04
1.620833955939815496e-07
1.807938048159485334e-07
1.019423325487878174e-05
3.319457562156458152e-07
9.724071503569575725e-08
5.401073011057633266e-08
5.155307007953524590e-04
6.832056533312425017e-05
1.340350308964843862e-06
2.719586120747408131e-07
2.105430212395731360e-06
1.619427258958694438e-08
1.602276000767233199e-07
8.864866686053574085e-05
2.036433033936191350e-05
2.571804543549660593e-06
2.427678737149108201e-06
1.335920096607878804e-04
5.581684945354936644e-07
1.040755837067308676e-08
4.762081573517207289e-07
6.501439202111214399e-06
5.679038039829720219e-08
1.030468501994619146e-05
4.732329216494690627e-06
2.439174022583756596e-05
2.959964149340521544e-06
1.653649233048781753e-04
6.047124770702794194e-06
2.533400618176528951e-07
7.671818457311019301e-05
1.398832228005630895e-05
7.613848538312595338e-07
9.797176403480989393e-09
1.686912946752272546e-05
6.716266216244548559e-05
6.153577123768627644e-05
8.107943722279742360e-05
4.726068709715036675e-07
6.793943612137809396e-06
5.464745845529250801e-05
3.289073902124073356e-07
1.128607785005897313e-08
1.396113475493621081e-05
1.669529581249662442e-07
1.244694976776372641e-05
6.432464488170808181e-06
1.435745389244402759e-06
1.208683170261792839e-04
6.538740126416087151e-05
9.941571624949574471e-04
3.707677478814730421e-06
2.765547435501503060e-07
1.343402345810318366e-06
4.545649971987586468e-06
3.610777241647156188e-07
1.023374170472379774e-05
3.120988549198955297e-05
1.363521732855588198e-04
1.588358173876258661e-07
4.558904038276523352e-06
2.094214721637399634e-07
1.327534732808999252e-06
2.525098352634813637e-07
1.673336519161239266e-04
4.131141395191662014e-06
1.529402766209386755e-06
6.126604148448677734e-06
4.115451702091377228e-06
3.140511762467212975e-05
2.991692099385545589e-06
2.092628346872515976e-05
4.637155726072705875e-08
1.030313251249026507e-05
1.053656342264730483e-05
6.323942614017141750e-08
2.990067287100828253e-07
1.015543057292234153e-05
4.839145276491763070e-06
1.727079137481268845e-07
3.478081396224297350e-07
8.119574772535997909e-07
1.739357031738109072e-07
5.959627742413431406e-06
4.374720901978434995e-06
3.685171989786795166e-08
7.756394779789843597e-07
2.811711681260931073e-07
5.009099368180613965e-06
4.359558442956767976e-05
9.925152255618741037e-08
6.433769073055373156e-08
3.663003553810995072e-07
3.242858801968395710e-04
2.115260758728254586e-05
6.019565290671380353e-08
1.036094431583478581e-06
1.376147884002421051e-05
2.018683744609006681e-06
1.509225228801369667e-03
3.916480636689811945e-04
1.197756500914692879e-05
5.994841339997947216e-04
6.708711225655861199e-06
6.289027805905789137e-05
7.279833198481355794e-07
5.643061595037579536e-04
1.208374669658951461e-06
2.912365516749559902e-06
6.151962566036672797e-07
1.313322570695163449e-07
7.107587407517712563e-06
8.116779213196423370e-07
2.410674824204761535e-07
2.485258619344676845e-06
1.600315154064446688e-04
7.954035936563741416e-06
3.850347809475351823e-07
2.846674469765275717e-04
3.531545900159471785e-08
7.943551736389053985e-07
9.183393558487296104e-05
2.789219724945724010e-04
8.675523304191301577e-07
1.667827653761833062e-08
3.682193055283278227e-04
6.429481231862155255e-07
1.180647886940278113e-04
7.405066781984714908e-08
1.381839501846116036e-05
6.894626130815595388e-05
2.781256080197636038e-05
4.470961812330642715e-06
5.188963041291572154e-05
5.212003816268406808e-05
3.081289037254464347e-07
2.227461891379789449e-06
7.789701612637145445e-07
2.369417586578492774e-07
4.963537867297418416e-05
1.922507522067462560e-07
8.940239659693816066e-09
2.415604103589430451e-05
8.385227374674286693e-06
4.633633068351628026e-07
2.270569211759720929e-06
3.802685455411847215e-07
2.439938270981656387e-06
2.029420009819205006e-08
1.075420805136673152e-04
1.465956938773160800e-05
1.365072961334590218e-07
1.279402184195532755e-08
2.788503024930832908e-06
2.816147343764896505e-06
6.182900733620044775e-07
1.153849643742432818e-05
1.339843862524503493e-07
3.736854341696016490e-05
7.055908645270392299e-05
6.935338205948937684e-06
9.630524436943233013e-05
4.381361407013173448e-08
6.856265599708422087e-08
4.994171831640414894e-05
2.002408791668131016e-06
2.974345625261776149e-05
2.683340790099464357e-05
1.642913957766722888e-05
2.111746425725868903e-06
2.509036276023834944e-04
4.186437872704118490e-04
1.354320829705102369e-05
1.597978989593684673e-04
4.700344646835219464e-08
1.445297243662935216e-06
3.865213657263666391e-04
9.631887223804369569e-06
9.943139502865960822e-07
7.053905051179754082e-07
1.682044057815801352e-05
6.625799142057076097e-05
4.082459781784564257e-06
2.316624431841773912e-06
3.924802058463683352e-06
1.282528501178603619e-05
4.803520141649642028e-07
7.011832536818474182e-08
9.842832696449477226e-06
1.280372202927537728e-06
1.142325982073089108e-05
2.377505268214008538e-07
2.804980425707981340e-08
1.152054437625338323e-06
1.250060499558003357e-08
2.740677155088633299e-05
9.655247595219407231e-06
1.759176825544273015e-06
3.146879316773265600e-05
3.381989699846599251e-06
3.443444711592746899e-06
1.284215068153571337e-05
3.689184779887000332e-07
3.612480577430687845e-05
4.848374857147064176e-08
1.945226358657237142e-06
5.666048537023016252e-07
6.201082669576862827e-08
1.108846990973688662e-04
7.012025662334053777e-07
6.603733254451071844e-06
9.343401075057045091e-08
1.447952797661855584e-07
3.461530468484852463e-06
1.852835964655241696e-07
2.427433173579629511e-06
8.011411978259275202e-09
1.311336319531619665e-07
8.435197429434992955e-09
2.575670987425837666e-05
1.004792959946598785e-08
4.943179646943463013e-06
6.215807388798566535e-07
6.723186288581928238e-06
3.820118195108079817e-07
1.967152627457835479e-07
7.872465175751131028e-06
1.816639951357501559e-06
5.179000481803086586e-07
2.791885208353050984e-06
2.720355405472218990e-04
2.094970028565512621e-07
2.533909970736658579e-08
5.968130949440819677e-07
2.429343055609933799e-07
8.416766661412111716e-08
4.239375266479328275e-05
2.309369392605731264e-06
1.052099250955507159e-04
4.666969743993831798e-08
3.029430217793560587e-07
3.232537153508019401e-07
8.505352889187633991e-05
1.395313156535848975e-04
7.777567225275561213e-05
2.183354652629532211e-08
1.373335862808744423e-07
1.083062443285598420e-06
3.044675622732029296e-06
1.534791522317391355e-06
1.515103849669685587e-05
5.285865881887730211e-06
7.928926788736134768e-05
1.416106715623755008e-05
1.452330138818069827e-06
1.751347735989838839e-05
5.557471376960165799e-05
2.351835206582109095e-07
3.173310503257198434e-08
4.210784391034394503e-05
4.422122947289608419e-05
7.955051728458784055e-07
1.767819810538640013e-07
6.063049617921478784e-09
3.144760114537348272e-07
1.486050127397220422e-08
2.682200865820050240e-04
4.417688978719525039e-05
1.296761524827161338e-06
1.004096475298865698e-06
2.320243197573290672e-07
1.511700429546181113e-05
1.062742830981733277e-05
2.581487734687470947e-08
6.969863079575588927e-06
5.868278663001547102e-08
3.290412919909613265e-08
3.320595396871794946e-06
9.872569961544286343e-08
3.376133008714532480e-07
8.264311759376141708e-07
9.135509912994166370e-07
3.540479269759089220e-07
5.710123573976488842e-08
9.284941029363835696e-07
5.379864433052716777e-06
2.780493701948216767e-08
8.679224805518970243e-08
3.316555989840708207e-07
2.744652920227963477e-05
1.389015669701620936e-04
1.185315777547657490e-04
3.528043453115969896e-05
2.359252175665460527e-05
2.757670074515772285e-07
1.670829306021914817e-07
6.540503818541765213e-07
6.784949846405652352e-08
2.640280740706657525e-07
1.905139299651636975e-07
1.025856377623313165e-08
1.200868382511544041e-06
5.083743417344521731e-07
3.590647850160166854e-07
8.474486094200983644e-06
1.542771656204422470e-06
2.108121321953149163e-07
7.716974323557224125e-06
2.726378625084180385e-05
1.997728077185456641e-06
4.894077321182521700e-08
4.896504535167878203e-08
1.299466748605482280e-05
3.203359938197536394e-06
3.797995589138736250e-07
8.179371775440813508e-07
4.231535785947926342e-05
2.382413732959776098e-08
8.157388720064773224e-07
4.066552250492350140e-08
1.065153719537192956e-05
1.054482140716572758e-06
4.352325049694627523e-04
1.101282487070420757e-05
2.780046315820072778e-06
5.888550731469877064e-07
5.151531695446465164e-06
4.744371295828386792e-08
1.382590835419250652e-05
3.429362550377845764e-06
4.041517968289554119e-06
3.063777057832339779e-06
1.108621800085529685e-04
4.176307811576407403e-06
3.155291096845758148e-06
1.851586785051040351e-05
2.556450453994330019e-06
3.624606688390485942e-05
3.929206286557018757e-06
6.744942879777227063e-07
5.750535478910023812e-07
1.083459483197657391e-05
7.347474593188962899e-07
1.413064892403781414e-04
1.801704456738661975e-05
3.353440479259006679e-05
4.564047776511870325e-05
6.453016794694121927e-06
4.021268068754579872e-06
2.376984593865927309e-05
3.005253006449493114e-07
3.653437374850909691e-07
4.589147283695638180e-05
5.324633178815929568e-08
5.520614081433450337e-07
1.197895187488029478e-07
1.449953742849174887e-05
1.521300509921275079e-05
5.463180627884867135e-07
2.455558205838315189e-05
1.181315951725991908e-07
1.460914859308104496e-06
2.942050559795461595e-05
1.051376166287809610e-04
1.436991806258447468e-05
5.100886255604564212e-07
5.857766893768712180e-08
6.438593845814466476e-05
2.003657391469459981e-05
2.149423016817308962e-05
2.984815594686551776e-08
9.887824999168515205e-04
8.739567419979721308e-06
3.975977597292512655e-05
3.770229852761985967e-07
9.141497866949066520e-05
1.891600113594904542e-04
8.658160055574626313e-08
9.037333370542910416e-08
4.469567556952824816e-06
1.036635876516811550e-05
7.394293788820505142e-06
1.427368351869517937e-05
2.368792956985998899e-05
2.003512236115057021e-05
4.382529368740506470e-06
3.557609306881204247e-05
7.609843123645987362e-06
5.073583815828897059e-05
1.684446033323183656e-06
8.803971468296367675e-06
3.697402235047775321e-06
1.074669307854492217e-05
1.361147905498683031e-08
5.899427719668892678e-07
3.504105261527001858e-04
2.104208833770826459e-04
2.250643738079816103e-04
3.705453991642571054e-06
7.284982712008059025e-05
1.047561636369209737e-05
1.903532756841741502e-05
6.224092430784367025e-06
2.477652742527425289e-06
4.072062802151776850e-05
5.819034777232445776e-05
4.072785486641805619e-07
1.545777337241815985e-07
8.560164133086800575e-06
2.708794077932452637e-08
9.270902268099234789e-08
1.315998474638035987e-06
4.434576510448096087e-07
9.658125463829492219e-07
7.743499736534431577e-06
2.262701309518888593e-05
1.327343284174276050e-07
3.179548366460949183e-05
6.253497986108413897e-07
3.775982548859246890e-08
1.529492146801203489e-04
4.630045964404416736e-07
5.310312189976684749e-08
2.262962198074092157e-06
1.778305289690251811e-07
4.651555514101346489e-07
1.045828071255527902e-06
2.445826612529344857e-05
2.175698057271802099e-07
2.391021325820474885e-06
4.802531839231960475e-05
3.340510602356516756e-06
1.975685518118552864e-05
9.077880491759060533e-08
7.164844078033638652e-07
3.018986944880452938e-07
9.714076441014185548e-07
4.497191525842936244e-07
5.512729330803267658e-06
4.051957702699837682e-08
1.322963544225785881e-05
3.483283137484249892e-07
1.788900618748812121e-07
2.897566844239918282e-07
1.613606741557305213e-06
6.111867696745321155e-05
2.471288644301239401e-05
1.747553824316128157e-06
1.752490845774445916e-07
1.216617704358213814e-07
1.339085429208353162e-06
5.350994979380629957e-05
1.654125014738383470e-07
1.994255580939352512e-05
1.677858278981148032e-07
1.356034658783755731e-06
3.863714482577051967e-06
7.062821882897196701e-09
6.703288363496540114e-06
1.549564814240511623e-07
1.179216102542568478e-08
2.535373369028093293e-06
8.108625024760840461e-07
3.858401396428234875e-05
8.419555342698004097e-06
8.054567501858400647e-07
1.157659135060384870e-04
3.337211865073186345e-06
3.445793481660075486e-05
2.695733414270762296e-08
2.782322408165782690e-04
5.013682766730198637e-06
6.865864179417258129e-06
8.576635934787191218e-08
2.159876402174631949e-07
4.730000910058151931e-06
2.701674247873597778e-06
3.063840267714112997e-05
5.751245043938979506e-05
1.546922576380893588e-04
2.994878923345822841e-05
4.868682935921242461e-06
6.972766364299332054e-09
1.842998608481138945e-05
4.168064333498477936e-05
1.586178370871493826e-07
3.620583868269022787e-07
2.148212416841488448e-07
1.096447590498428326e-07
2.707090288822655566e-06
1.581171744646781008e-07
2.433237789034592424e-08
7.923871407911065035e-07
7.146821303649630863e-07
3.691584061016328633e-05
3.454442776273936033e-07
1.138961692959128413e-06
1.497989524068543687e-05
2.484185461071319878e-05
3.833412847598083317e-06
1.174920043922611512e-06
4.466623067855834961e-06
5.220829280006000772e-07
6.524094260385027155e-07
2.168719947803765535e-05
2.519008194212801754e-05
1.458379665564280003e-05
2.267881791340187192e-05
1.111598794523160905e-05
1.098117354558780789e-04
1.009942252494511195e-06
4.120107769267633557e-05
1.048596186592476442e-05
3.221598308300599456e-05
9.950938874681014568e-06
1.595530306985892821e-06
3.174795892846304923e-06
8.137185432133264840e-06
2.205404001642818912e-07
3.136031637041014619e-06
6.013894562784116715e-06
6.508365686386241578e-07
2.496013848940492608e-06
1.209519609801645856e-06
1.878045452485821443e-08
2.930759910668712109e-05
5.013163900002837181e-04
6.477214355982141569e-07
7.543948754573648330e-07
1.912066949216750800e-07
2.355156757403165102e-04
4.698279099102364853e-06
7.813645908072430757e-08
2.247299744340125471e-05
1.050447826855815947e-05
1.430981455996516161e-06
1.397544983774423599e-04
1.396812194798258133e-06
1.135442403210618068e-06
4.484155056161398534e-07
1.838993625824514311e-06
1.981115929083898664e-06
2.212338756635290338e-07
5.504313776327762753e-06
6.956222932785749435e-05
3.914142434950917959e-04
2.893428900279104710e-04
4.311335487727774307e-06
7.483215114234553766e-08
1.459852937841787934e-04
6.763867759218555875e-07
3.151328940020903246e-07
2.075726825978563284e-07
7.598507778538987623e-08
4.517760032740625320e-08
3.666411657832213677e-06
1.199219923364580609e-07
4.302075922169024125e-07
2.847917244253039826e-07
3.385386548870883416e-07
4.216587967675877735e-06
3.926809313270496204e-07
2.607724525205412647e-07
3.067406942136585712e-05
4.582665860652923584e-05
1.452006017643725500e-06
1.706619485730698216e-07
2.635676992213120684e-07
1.663515547534188954e-07
1.643816722207702696e-05
9.373938958390226617e-09
6.125117943156510592e-05
8.116856520246074069e-07
5.968062737338186707e-07
1.320754818152636290e-04
2.178188474033504463e-08
7.893152655924495775e-07
2.141390041288104840e-06
1.806126874726032838e-07
2.420693926978856325e-04
4.377000368549488485e-05
2.197858037789046648e-07
7.098890932866197545e-07
6.076671979826642200e-06
2.325209352420642972e-04
1.744087398947158363e-06
2.464110366418026388e-06
2.438067667753784917e-07
4.943288331560324878e-06
3.517861841828562319e-07
1.230165889865020290e-05
4.466380687517812476e-06
1.096977484849048778e-05
6.665721684839809313e-06
5.393948958953842521e-05
2.352610728451054456e-08
3.584045543902902864e-06
9.836065295587559376e-09
1.862536919361446053e-06
3.036899158814776456e-07
2.276781742693856359e-06
2.643351990627706982e-06
6.120080943219363689e-04
2.006497015827335417e-05
2.434891939628869295e-06
7.496549869756563567e-07
4.667824669013498351e-06
2.033991393091127975e-07
8.888267188922327477e-08
5.416918065748177469e-05
1.143153571803168234e-08
6.800853952881880105e-06
2.900778781622648239e-04
3.405246161491959356e-06
3.446757036726921797e-04
4.265439201844856143e-07
3.272029789513908327e-05
1.173993950942531228e-04
3.790317464336112607e-07
3.291497705504298210e-06
5.648241494782269001e-05
3.245660536776995286e-06
7.102289146132534370e-06
2.643185048611940147e-08
5.666928482241928577e-04
1.126067104451067280e-06
8.209402585634961724e-05
8.766201062826439738e-07
1.081903178601351101e-06
1.118248036391378264e-07
8.582782356825191528e-06
4.939418795402161777e-05
2.480979048868903192e-07
9.561087921383659705e-08
6.117554221418686211e-06
1.033415173878893256e-06
5.621028776658931747e-06
1.345994533039629459e-04
4.781816276278050282e-09
9.008541468347175396e-08
1.093467858481744770e-06
2.759366424243125948e-08
4.309333689889172092e-06
1.117598117161833216e-06
3.570062290236819535e-06
8.638684789730177727e-07
1.384210008836816996e-07
3.855964750982820988e-04
2.882315129681956023e-05
4.076492041349411011e-05
5.520345780496427324e-07
1.567576362049294403e-07
6.295702519309998024e-07
1.909434286062605679e-05
7.830877279957348946e-08
7.386562629108084366e-06
8.689259090033374378e-09
5.967846306020874181e-08
5.319502065503911581e-07
2.355202184389781905e-07
2.457035179759259336e-07
2.806781594699714333e-06
6.321361638583766762e-07
4.508847723627695814e-06
6.515876975754508749e-06
6.298012158367782831e-05
1.824075843614991754e-05
4.326277121435850859e-05
2.404988335911184549e-04
1.299968571402132511e-04
2.662694669197662733e-07
3.028222863576957025e-07
2.395686806266894564e-06
5.610349944618064910e-06
3.051415842492133379e-05
1.536214178088357585e-08
5.425360359367914498e-05
4.950596022013087349e-08
1.087717791392606159e-07
4.120313860767055303e-06
3.817738324869424105e-04
7.962941162986680865e-05
5.670129965551495843e-08
3.299462747463621781e-08
5.159581633051857352e-07
8.098168109427206218e-06
5.546270986087620258e-04
3.691588517540367320e-06
3.545396111803711392e-06
5.438288098957855254e-06
7.479261512344237417e-07
6.277145075728185475e-06
1.683376467553898692e-06
1.951929817778363940e-07
2.763967813734780066e-06
5.328026873030466959e-07
3.451832299106172286e-06
8.885019155968620908e-07
1.152706772700184956e-05
4.393036942929029465e-05
5.040669748268555850e-06
9.819853403314482421e-06
1.339512095910322387e-06
1.036478624882875010e-05
1.347941520180029329e-06
1.246551960321085062e-06
1.877522670667985949e-08
2.730047981458483264e-06
1.272804638574598357e-06
8.129686648317147046e-07
1.546403538554841361e-08
6.451694389397744089e-06
3.438184421611367725e-06
2.994817805301863700e-06
6.641222626058151945e-06
1.749666694195184391e-06
1.204853742819977924e-05
1.094815957003447693e-06
5.827573090755322482e-07
1.610439710475475295e-07
3.163421524732257240e-07
3.799843170781969093e-06
2.043775384663604200e-05
9.188993317366112024e-07
5.056052468717098236e-04
8.088868526101578027e-07
2.739308911259286106e-06
8.035822247620671988e-06
4.151580214966088533e-04
2.660547124833101407e-07
1.881022967609169427e-06
6.868376658530905843e-05
1.641646231291815639e-04
2.313606273673940450e-06
3.911175099347019568e-06
2.084935294988099486e-05
3.373116896909778006e-08
1.134376179834362119e-05
3.782167823374038562e-07
4.493737287702970207e-05
1.006672464427538216e-04
2.014153096752124839e-06
2.715757727855816483e-05
3.638118641902110539e-07
7.435231236740946770e-05
3.645212842684486532e-08
2.255801092587716994e-07
5.259769508825229423e-08
5.035331923863850534e-06
8.510226507496554404e-06
7.731674855904202559e-09
3.455942987784510478e-06
3.570416311049484648e-06
7.870339118198899087e-07
4.718754667010216508e-07
1.343312646895356011e-06
1.704877831798512489e-05
2.047169618890620768e-05
1.197849883283197414e-06
3.402987931622192264e-05
1.929278603540751647e-08
3.793336645685485564e-06
4.228858415444847196e-06
6.848729867670044769e-07
1.682015806636627531e-07
8.828663453641638625e-07
4.706525658093596576e-08
3.202799518930987688e-07
2.564301394158974290e-05
3.316594984426046722e-06
1.003877656557961018e-07
2.107917825924232602e-04
1.003158558887662366e-06
8.528507896699011326e-05
3.923174062947509810e-06
3.803181925832177512e-06
2.269084461659076624e-06
1.280313313145597931e-07
3.140899593745416496e-07
3.497249053907580674e-05
1.329881570200086571e-06
3.435323378653265536e-05
3.554584282028372400e-06
3.465699137450428680e-06
9.005884180623979773e-07
4.740774966194294393e-05
5.586064943940982630e-09
1.101648595067672431e-04
7.556161563115892932e-08
7.178324494816479273e-07
6.407716682588215917e-06
8.710117640475800727e-07
4.244927822583122179e-06
1.377642462330186390e-07
2.125958076248934958e-08
2.245972837044973858e-06
8.375361358048394322e-05
2.327903757759486325e-06
7.077367740748741198e-07
3.836180549114942551e-04
6.663325166300637648e-06
1.126718700561468722e-07
2.799206185954972170e-06
4.203097705612890422e-05
3.791503331740386784e-06
4.389787791296839714e-04
7.557763183285715058e-06
1.339062437182292342e-04
1.536120976197707932e-06
3.605955711805108876e-08
1.490627619205042720e-05
8.100672062028024811e-07
4.672765285818059056e-09
8.972724026534706354e-05
7.156069159464095719e-07
4.022554094262886792e-07
1.217744394210740211e-08
1.327695599684375338e-06
2.118484735547099262e-05
8.318133041029796004e-06
9.040666668624908198e-07
1.481690645732669509e-07
5.939422862866194919e-06
5.299349936649377923e-07
1.171829899249132723e-05
3.290472886874340475e-05
3.925163400708697736e-05
4.644720092983334325e-07
2.588319318874710007e-07
3.227896883117864490e-08
1.134352351073175669e-05
1.734058514557546005e-06
2.297271777251808089e-07
1.494939715485088527e-05
4.801290174327732529e-07
3.693187636599759571e-06
6.526113338622963056e-06
1.759591214067768306e-06
4.679698577092494816e-06
2.226039214292541146e-06
2.676322310435352847e-06
6.234571173990843818e-06
2.405893246759660542e-05
1.483333107898943126e-05
2.938543048003339209e-06
4.446411330718547106e-04
1.966818814480575384e-07
7.307402484002523124e-06
9.539920853285366320e-08
1.364004274364560843e-04
3.747052687685936689e-05
1.337881343488334096e-07
